{
 "cells": [
  {
   "cell_type": "code",
   "execution_count": 1,
   "metadata": {
    "collapsed": true
   },
   "outputs": [],
   "source": [
    "%matplotlib inline\n",
    "import matplotlib.pyplot as plt\n",
    "import matplotlib.image as mpimg\n",
    "import numpy as np\n",
    "from PIL import Image\n",
    "import caffe\n",
    "import score"
   ]
  },
  {
   "cell_type": "code",
   "execution_count": 2,
   "metadata": {
    "collapsed": false
   },
   "outputs": [
    {
     "data": {
      "text/plain": [
       "{'loss': array([[[[  9.52990055e-01,   9.59868193e-01,   9.65726316e-01, ...,\n",
       "             9.95139360e-01,   9.95259106e-01,   9.95375216e-01],\n",
       "          [  9.59868193e-01,   9.66001928e-01,   9.71189439e-01, ...,\n",
       "             9.96307254e-01,   9.96402502e-01,   9.96495187e-01],\n",
       "          [  9.65726316e-01,   9.71189439e-01,   9.75775898e-01, ...,\n",
       "             9.97193635e-01,   9.97269452e-01,   9.97343361e-01],\n",
       "          ..., \n",
       "          [  9.74929094e-01,   9.79347289e-01,   9.82977748e-01, ...,\n",
       "             9.95984077e-01,   9.96055007e-01,   9.96124685e-01],\n",
       "          [  9.70539093e-01,   9.75542605e-01,   9.79684949e-01, ...,\n",
       "             9.94922101e-01,   9.95007992e-01,   9.95092511e-01],\n",
       "          [  9.65361238e-01,   9.71023262e-01,   9.75743890e-01, ...,\n",
       "             9.93579984e-01,   9.93683815e-01,   9.93785858e-01]],\n",
       " \n",
       "         [[  4.46981378e-02,   3.84830236e-02,   3.30954380e-02, ...,\n",
       "             4.80557326e-03,   4.68798680e-03,   4.57326602e-03],\n",
       "          [  3.84830236e-02,   3.28395702e-02,   2.79953107e-02, ...,\n",
       "             3.65997502e-03,   3.56577616e-03,   3.47400084e-03],\n",
       "          [  3.30954380e-02,   2.79953107e-02,   2.36591417e-02, ...,\n",
       "             2.78668408e-03,   2.71144719e-03,   2.63823941e-03],\n",
       "          ..., \n",
       "          [  2.38375589e-02,   1.97958332e-02,   1.64258890e-02, ...,\n",
       "             4.00386984e-03,   3.93318385e-03,   3.86374816e-03],\n",
       "          [  2.77897939e-02,   2.32800432e-02,   1.94844976e-02, ...,\n",
       "             5.05782990e-03,   4.97240014e-03,   4.88840789e-03],\n",
       "          [  3.23702060e-02,   2.73569562e-02,   2.30970327e-02, ...,\n",
       "             6.38742233e-03,   6.28443249e-03,   6.18309155e-03]],\n",
       " \n",
       "         [[  1.88193051e-03,   1.37732166e-03,   1.00689963e-03, ...,\n",
       "             5.26235599e-05,   5.10695390e-05,   4.95612258e-05],\n",
       "          [  1.37732166e-03,   9.90826753e-04,   7.12064910e-04, ...,\n",
       "             3.17959129e-05,   3.08085800e-05,   2.98518862e-05],\n",
       "          [  1.00689963e-03,   7.12064910e-04,   5.03094576e-04, ...,\n",
       "             1.92060961e-05,   1.85806693e-05,   1.79755716e-05],\n",
       "          ..., \n",
       "          [  1.07950217e-03,   7.64910015e-04,   5.41552436e-04, ...,\n",
       "             1.20845343e-05,   1.17693962e-05,   1.14624745e-05],\n",
       "          [  1.43562199e-03,   1.03310961e-03,   7.42779579e-04, ...,\n",
       "             1.95415396e-05,   1.90537139e-05,   1.85780555e-05],\n",
       "          [  1.90762652e-03,   1.39430119e-03,   1.01808924e-03, ...,\n",
       "             3.15910984e-05,   3.08378039e-05,   3.01024120e-05]],\n",
       " \n",
       "         ..., \n",
       "         [[  1.07454936e-04,   6.79039877e-05,   4.28630774e-05, ...,\n",
       "             5.42188729e-07,   5.20566346e-07,   4.99805310e-07],\n",
       "          [  6.79039877e-05,   4.18624550e-05,   2.57818556e-05, ...,\n",
       "             2.59085311e-07,   2.48226939e-07,   2.37823031e-07],\n",
       "          [  4.28630774e-05,   2.57818556e-05,   1.54932059e-05, ...,\n",
       "             1.23768999e-07,   1.18331499e-07,   1.13132671e-07],\n",
       "          ..., \n",
       "          [  3.84458908e-05,   2.29594370e-05,   1.36998497e-05, ...,\n",
       "             5.25644346e-08,   5.08163076e-08,   4.91263528e-08],\n",
       "          [  5.89250267e-05,   3.59990590e-05,   2.19730082e-05, ...,\n",
       "             1.07130177e-07,   1.03718591e-07,   1.00415484e-07],\n",
       "          [  9.02372849e-05,   5.64020011e-05,   3.52184143e-05, ...,\n",
       "             2.18277577e-07,   2.11635253e-07,   2.05194880e-07]],\n",
       " \n",
       "         [[  1.07454936e-04,   6.79039877e-05,   4.28630774e-05, ...,\n",
       "             5.42188729e-07,   5.20566346e-07,   4.99805310e-07],\n",
       "          [  6.79039877e-05,   4.18624550e-05,   2.57818556e-05, ...,\n",
       "             2.59085311e-07,   2.48226939e-07,   2.37823031e-07],\n",
       "          [  4.28630774e-05,   2.57818556e-05,   1.54932059e-05, ...,\n",
       "             1.23768999e-07,   1.18331499e-07,   1.13132671e-07],\n",
       "          ..., \n",
       "          [  3.84458908e-05,   2.29594370e-05,   1.36998497e-05, ...,\n",
       "             5.25644346e-08,   5.08163076e-08,   4.91263528e-08],\n",
       "          [  5.89250267e-05,   3.59990590e-05,   2.19730082e-05, ...,\n",
       "             1.07130177e-07,   1.03718591e-07,   1.00415484e-07],\n",
       "          [  9.02372849e-05,   5.64020011e-05,   3.52184143e-05, ...,\n",
       "             2.18277577e-07,   2.11635253e-07,   2.05194880e-07]],\n",
       " \n",
       "         [[  1.07454936e-04,   6.79039877e-05,   4.28630774e-05, ...,\n",
       "             5.42188729e-07,   5.20566346e-07,   4.99805310e-07],\n",
       "          [  6.79039877e-05,   4.18624550e-05,   2.57818556e-05, ...,\n",
       "             2.59085311e-07,   2.48226939e-07,   2.37823031e-07],\n",
       "          [  4.28630774e-05,   2.57818556e-05,   1.54932059e-05, ...,\n",
       "             1.23768999e-07,   1.18331499e-07,   1.13132671e-07],\n",
       "          ..., \n",
       "          [  3.84458908e-05,   2.29594370e-05,   1.36998497e-05, ...,\n",
       "             5.25644346e-08,   5.08163076e-08,   4.91263528e-08],\n",
       "          [  5.89250267e-05,   3.59990590e-05,   2.19730082e-05, ...,\n",
       "             1.07130177e-07,   1.03718591e-07,   1.00415484e-07],\n",
       "          [  9.02372849e-05,   5.64020011e-05,   3.52184143e-05, ...,\n",
       "             2.18277577e-07,   2.11635253e-07,   2.05194880e-07]]]], dtype=float32)}"
      ]
     },
     "execution_count": 2,
     "metadata": {},
     "output_type": "execute_result"
    }
   ],
   "source": [
    "caffe.set_device(0)\n",
    "caffe.set_mode_gpu()\n",
    "\n",
    "# load image, switch to BGR, subtract mean, and make dims C x H x W for Caffe\n",
    "im = Image.open('/home/cv/grayson/me.jpeg')\n",
    "in_ = np.array(im, dtype=np.float32)\n",
    "in_ = in_[:,:,::-1]\n",
    "in_ -= np.array((104.00698793,116.66876762,122.67891434))\n",
    "in_ = in_.transpose((2,0,1))\n",
    "\n",
    "# load net\n",
    "net = caffe.Net('model/deploy.prototxt',\n",
    "                'snapshot/train_iter_176000.caffemodel', \n",
    "                caffe.TEST)\n",
    "\n",
    "# shape for input (data blob is N x C x H x W), set data\n",
    "net.blobs['data'].reshape(1, *in_.shape)\n",
    "net.blobs['data'].data[...] = in_\n",
    "\n",
    "# must do forward pass or else blobs and deconv params will be all zeroes\n",
    "net.forward()    "
   ]
  },
  {
   "cell_type": "code",
   "execution_count": 3,
   "metadata": {
    "collapsed": false
   },
   "outputs": [],
   "source": [
    "#solver = caffe.SGDSolver('solver.prototxt')\n",
    "#val = np.loadtxt('/home/cv/hdl/caffe/data/pascal/VOC/VOC2010/ImageSets/person/head_val.txt', dtype=str)"
   ]
  },
  {
   "cell_type": "code",
   "execution_count": 4,
   "metadata": {
    "collapsed": false
   },
   "outputs": [],
   "source": [
    "#hist, loss = score.compute_hist(solver.test_nets[0], 'segmentation_results', val, layer='score', gt='label' )"
   ]
  },
  {
   "cell_type": "code",
   "execution_count": 5,
   "metadata": {
    "collapsed": false
   },
   "outputs": [
    {
     "data": {
      "text/plain": [
       "7"
      ]
     },
     "execution_count": 5,
     "metadata": {},
     "output_type": "execute_result"
    }
   ],
   "source": [
    "net.blobs['score'].channels"
   ]
  },
  {
   "cell_type": "code",
   "execution_count": 6,
   "metadata": {
    "collapsed": false
   },
   "outputs": [
    {
     "data": {
      "text/plain": [
       "[('data', (1, 3, 600, 480)),\n",
       " ('data_input_0_split_0', (1, 3, 600, 480)),\n",
       " ('data_input_0_split_1', (1, 3, 600, 480)),\n",
       " ('conv1_1', (1, 64, 798, 678)),\n",
       " ('conv1_2', (1, 64, 798, 678)),\n",
       " ('pool1', (1, 64, 399, 339)),\n",
       " ('conv2_1', (1, 128, 399, 339)),\n",
       " ('conv2_2', (1, 128, 399, 339)),\n",
       " ('pool2', (1, 128, 200, 170)),\n",
       " ('conv3_1', (1, 256, 200, 170)),\n",
       " ('conv3_2', (1, 256, 200, 170)),\n",
       " ('conv3_3', (1, 256, 200, 170)),\n",
       " ('pool3', (1, 256, 100, 85)),\n",
       " ('conv4_1', (1, 512, 100, 85)),\n",
       " ('conv4_2', (1, 512, 100, 85)),\n",
       " ('conv4_3', (1, 512, 100, 85)),\n",
       " ('pool4', (1, 512, 50, 43)),\n",
       " ('conv5_1', (1, 512, 50, 43)),\n",
       " ('conv5_2', (1, 512, 50, 43)),\n",
       " ('conv5_3', (1, 512, 50, 43)),\n",
       " ('pool5', (1, 512, 25, 22)),\n",
       " ('fc6', (1, 4096, 19, 16)),\n",
       " ('fc7', (1, 4096, 19, 16)),\n",
       " ('score_fr', (1, 7, 19, 16)),\n",
       " ('upscore', (1, 7, 640, 544)),\n",
       " ('score', (1, 7, 600, 480)),\n",
       " ('loss', (1, 7, 600, 480))]"
      ]
     },
     "execution_count": 6,
     "metadata": {},
     "output_type": "execute_result"
    }
   ],
   "source": [
    "# blobs\n",
    "[(k, v.data.shape) for k, v in net.blobs.items()]"
   ]
  },
  {
   "cell_type": "code",
   "execution_count": 7,
   "metadata": {
    "collapsed": false
   },
   "outputs": [
    {
     "data": {
      "text/plain": [
       "[('conv1_1', (64, 3, 3, 3)),\n",
       " ('conv1_2', (64, 64, 3, 3)),\n",
       " ('conv2_1', (128, 64, 3, 3)),\n",
       " ('conv2_2', (128, 128, 3, 3)),\n",
       " ('conv3_1', (256, 128, 3, 3)),\n",
       " ('conv3_2', (256, 256, 3, 3)),\n",
       " ('conv3_3', (256, 256, 3, 3)),\n",
       " ('conv4_1', (512, 256, 3, 3)),\n",
       " ('conv4_2', (512, 512, 3, 3)),\n",
       " ('conv4_3', (512, 512, 3, 3)),\n",
       " ('conv5_1', (512, 512, 3, 3)),\n",
       " ('conv5_2', (512, 512, 3, 3)),\n",
       " ('conv5_3', (512, 512, 3, 3)),\n",
       " ('fc6', (4096, 512, 7, 7)),\n",
       " ('fc7', (4096, 4096, 1, 1)),\n",
       " ('score_fr', (7, 4096, 1, 1)),\n",
       " ('upscore', (7, 7, 64, 64))]"
      ]
     },
     "execution_count": 7,
     "metadata": {},
     "output_type": "execute_result"
    }
   ],
   "source": [
    "# parameters\n",
    "[(k, v[0].data.shape) for k, v in net.params.items()]"
   ]
  },
  {
   "cell_type": "code",
   "execution_count": 8,
   "metadata": {
    "collapsed": false
   },
   "outputs": [
    {
     "name": "stdout",
     "output_type": "stream",
     "text": [
      "[[[[ 0.12225891 -0.05260488 -0.33880869]\n",
      "   [-0.18465658  0.12524171  0.12864633]\n",
      "   [-0.19468638 -0.14015222 -0.31421736]]\n",
      "\n",
      "  [[ 0.04810847  0.15010151 -0.21108781]\n",
      "   [-0.04445705  0.30175459  0.18481244]\n",
      "   [ 0.12489526  0.16775681 -0.02421443]]\n",
      "\n",
      "  [[ 0.2938765  -0.03599101 -0.15765409]\n",
      "   [-0.291145    0.18684682  0.035102  ]\n",
      "   [ 0.27863544 -0.03711778 -0.22103508]]]\n",
      "\n",
      "\n",
      " [[[ 0.27613807 -0.14238602  0.21381964]\n",
      "   [-0.16580915 -0.11573206 -0.11467097]\n",
      "   [-0.10706066 -0.15308881 -0.23549868]]\n",
      "\n",
      "  [[-0.2223582   0.03495511 -0.02208375]\n",
      "   [-0.14486223 -0.13920911 -0.31491008]\n",
      "   [-0.20833905  0.17751266  0.1072474 ]]\n",
      "\n",
      "  [[ 0.04865579 -0.28051463  0.05019362]\n",
      "   [ 0.10583514 -0.08425384  0.03525819]\n",
      "   [ 0.32041001 -0.15048195  0.11902174]]]\n",
      "\n",
      "\n",
      " [[[ 0.25567275  0.000537   -0.1867601 ]\n",
      "   [-0.19948551 -0.0987493   0.1312246 ]\n",
      "   [-0.29574054 -0.18814111 -0.10544148]]\n",
      "\n",
      "  [[ 0.24932873 -0.16382287  0.17432028]\n",
      "   [-0.28649172 -0.18529622  0.25556219]\n",
      "   [ 0.01698783  0.27166224 -0.29968429]]\n",
      "\n",
      "  [[ 0.23920982  0.02962968  0.24277598]\n",
      "   [-0.15881239  0.17323527  0.19560488]\n",
      "   [ 0.14116667 -0.07688767 -0.27805892]]]\n",
      "\n",
      "\n",
      " ..., \n",
      " [[[-0.20456955  0.07907306 -0.16029899]\n",
      "   [ 0.23478156  0.15742856  0.11777326]\n",
      "   [ 0.16930062 -0.00999704  0.08737683]]\n",
      "\n",
      "  [[ 0.17125416 -0.0805273  -0.33297038]\n",
      "   [ 0.10841224 -0.08054529  0.00407688]\n",
      "   [ 0.25947896  0.09751659 -0.06006076]]\n",
      "\n",
      "  [[-0.07567964 -0.0199213  -0.04893825]\n",
      "   [-0.04798773  0.17649172 -0.11785515]\n",
      "   [ 0.03466891 -0.24880812 -0.0874408 ]]]\n",
      "\n",
      "\n",
      " [[[-0.00605394 -0.28948909 -0.19562493]\n",
      "   [ 0.32398373  0.26303971 -0.0619088 ]\n",
      "   [-0.26774129 -0.30621472  0.24532199]]\n",
      "\n",
      "  [[ 0.23131244 -0.10827475  0.11343335]\n",
      "   [-0.09439494 -0.02775013  0.27706724]\n",
      "   [-0.04323551 -0.08161458  0.0232238 ]]\n",
      "\n",
      "  [[ 0.01309493  0.15734744  0.28310636]\n",
      "   [ 0.31172591  0.3099173  -0.22960415]\n",
      "   [-0.27519125  0.11902844  0.0062743 ]]]\n",
      "\n",
      "\n",
      " [[[-0.2266819  -0.2625142  -0.14199176]\n",
      "   [ 0.28963441 -0.02988263 -0.30798122]\n",
      "   [-0.25482455 -0.03561788 -0.1260439 ]]\n",
      "\n",
      "  [[ 0.20250192 -0.12549573 -0.11218994]\n",
      "   [ 0.2734533   0.18471839 -0.09006248]\n",
      "   [-0.30474159 -0.11629096 -0.09462171]]\n",
      "\n",
      "  [[ 0.17993611 -0.06607259  0.32049662]\n",
      "   [ 0.2685338  -0.20243481 -0.30052444]\n",
      "   [-0.2018982  -0.03817586  0.25368637]]]]\n"
     ]
    }
   ],
   "source": [
    "# conv layer weights (edge_detectors)\n",
    "print net.params['conv1_1'][0].data"
   ]
  },
  {
   "cell_type": "code",
   "execution_count": 9,
   "metadata": {
    "collapsed": false
   },
   "outputs": [
    {
     "name": "stdout",
     "output_type": "stream",
     "text": [
      "[[[[ 0.00024414  0.00073242  0.0012207  ...,  0.0012207   0.00073242\n",
      "     0.00024414]\n",
      "   [ 0.00073242  0.00219727  0.00366211 ...,  0.00366211  0.00219727\n",
      "     0.00073242]\n",
      "   [ 0.0012207   0.00366211  0.00610352 ...,  0.00610352  0.00366211\n",
      "     0.0012207 ]\n",
      "   ..., \n",
      "   [ 0.0012207   0.00366211  0.00610352 ...,  0.00610352  0.00366211\n",
      "     0.0012207 ]\n",
      "   [ 0.00073242  0.00219727  0.00366211 ...,  0.00366211  0.00219727\n",
      "     0.00073242]\n",
      "   [ 0.00024414  0.00073242  0.0012207  ...,  0.0012207   0.00073242\n",
      "     0.00024414]]\n",
      "\n",
      "  [[ 0.          0.          0.         ...,  0.          0.          0.        ]\n",
      "   [ 0.          0.          0.         ...,  0.          0.          0.        ]\n",
      "   [ 0.          0.          0.         ...,  0.          0.          0.        ]\n",
      "   ..., \n",
      "   [ 0.          0.          0.         ...,  0.          0.          0.        ]\n",
      "   [ 0.          0.          0.         ...,  0.          0.          0.        ]\n",
      "   [ 0.          0.          0.         ...,  0.          0.          0.        ]]\n",
      "\n",
      "  [[ 0.          0.          0.         ...,  0.          0.          0.        ]\n",
      "   [ 0.          0.          0.         ...,  0.          0.          0.        ]\n",
      "   [ 0.          0.          0.         ...,  0.          0.          0.        ]\n",
      "   ..., \n",
      "   [ 0.          0.          0.         ...,  0.          0.          0.        ]\n",
      "   [ 0.          0.          0.         ...,  0.          0.          0.        ]\n",
      "   [ 0.          0.          0.         ...,  0.          0.          0.        ]]\n",
      "\n",
      "  ..., \n",
      "  [[ 0.          0.          0.         ...,  0.          0.          0.        ]\n",
      "   [ 0.          0.          0.         ...,  0.          0.          0.        ]\n",
      "   [ 0.          0.          0.         ...,  0.          0.          0.        ]\n",
      "   ..., \n",
      "   [ 0.          0.          0.         ...,  0.          0.          0.        ]\n",
      "   [ 0.          0.          0.         ...,  0.          0.          0.        ]\n",
      "   [ 0.          0.          0.         ...,  0.          0.          0.        ]]\n",
      "\n",
      "  [[ 0.          0.          0.         ...,  0.          0.          0.        ]\n",
      "   [ 0.          0.          0.         ...,  0.          0.          0.        ]\n",
      "   [ 0.          0.          0.         ...,  0.          0.          0.        ]\n",
      "   ..., \n",
      "   [ 0.          0.          0.         ...,  0.          0.          0.        ]\n",
      "   [ 0.          0.          0.         ...,  0.          0.          0.        ]\n",
      "   [ 0.          0.          0.         ...,  0.          0.          0.        ]]\n",
      "\n",
      "  [[ 0.          0.          0.         ...,  0.          0.          0.        ]\n",
      "   [ 0.          0.          0.         ...,  0.          0.          0.        ]\n",
      "   [ 0.          0.          0.         ...,  0.          0.          0.        ]\n",
      "   ..., \n",
      "   [ 0.          0.          0.         ...,  0.          0.          0.        ]\n",
      "   [ 0.          0.          0.         ...,  0.          0.          0.        ]\n",
      "   [ 0.          0.          0.         ...,  0.          0.          0.        ]]]\n",
      "\n",
      "\n",
      " [[[ 0.          0.          0.         ...,  0.          0.          0.        ]\n",
      "   [ 0.          0.          0.         ...,  0.          0.          0.        ]\n",
      "   [ 0.          0.          0.         ...,  0.          0.          0.        ]\n",
      "   ..., \n",
      "   [ 0.          0.          0.         ...,  0.          0.          0.        ]\n",
      "   [ 0.          0.          0.         ...,  0.          0.          0.        ]\n",
      "   [ 0.          0.          0.         ...,  0.          0.          0.        ]]\n",
      "\n",
      "  [[ 0.00024414  0.00073242  0.0012207  ...,  0.0012207   0.00073242\n",
      "     0.00024414]\n",
      "   [ 0.00073242  0.00219727  0.00366211 ...,  0.00366211  0.00219727\n",
      "     0.00073242]\n",
      "   [ 0.0012207   0.00366211  0.00610352 ...,  0.00610352  0.00366211\n",
      "     0.0012207 ]\n",
      "   ..., \n",
      "   [ 0.0012207   0.00366211  0.00610352 ...,  0.00610352  0.00366211\n",
      "     0.0012207 ]\n",
      "   [ 0.00073242  0.00219727  0.00366211 ...,  0.00366211  0.00219727\n",
      "     0.00073242]\n",
      "   [ 0.00024414  0.00073242  0.0012207  ...,  0.0012207   0.00073242\n",
      "     0.00024414]]\n",
      "\n",
      "  [[ 0.          0.          0.         ...,  0.          0.          0.        ]\n",
      "   [ 0.          0.          0.         ...,  0.          0.          0.        ]\n",
      "   [ 0.          0.          0.         ...,  0.          0.          0.        ]\n",
      "   ..., \n",
      "   [ 0.          0.          0.         ...,  0.          0.          0.        ]\n",
      "   [ 0.          0.          0.         ...,  0.          0.          0.        ]\n",
      "   [ 0.          0.          0.         ...,  0.          0.          0.        ]]\n",
      "\n",
      "  ..., \n",
      "  [[ 0.          0.          0.         ...,  0.          0.          0.        ]\n",
      "   [ 0.          0.          0.         ...,  0.          0.          0.        ]\n",
      "   [ 0.          0.          0.         ...,  0.          0.          0.        ]\n",
      "   ..., \n",
      "   [ 0.          0.          0.         ...,  0.          0.          0.        ]\n",
      "   [ 0.          0.          0.         ...,  0.          0.          0.        ]\n",
      "   [ 0.          0.          0.         ...,  0.          0.          0.        ]]\n",
      "\n",
      "  [[ 0.          0.          0.         ...,  0.          0.          0.        ]\n",
      "   [ 0.          0.          0.         ...,  0.          0.          0.        ]\n",
      "   [ 0.          0.          0.         ...,  0.          0.          0.        ]\n",
      "   ..., \n",
      "   [ 0.          0.          0.         ...,  0.          0.          0.        ]\n",
      "   [ 0.          0.          0.         ...,  0.          0.          0.        ]\n",
      "   [ 0.          0.          0.         ...,  0.          0.          0.        ]]\n",
      "\n",
      "  [[ 0.          0.          0.         ...,  0.          0.          0.        ]\n",
      "   [ 0.          0.          0.         ...,  0.          0.          0.        ]\n",
      "   [ 0.          0.          0.         ...,  0.          0.          0.        ]\n",
      "   ..., \n",
      "   [ 0.          0.          0.         ...,  0.          0.          0.        ]\n",
      "   [ 0.          0.          0.         ...,  0.          0.          0.        ]\n",
      "   [ 0.          0.          0.         ...,  0.          0.          0.        ]]]\n",
      "\n",
      "\n",
      " [[[ 0.          0.          0.         ...,  0.          0.          0.        ]\n",
      "   [ 0.          0.          0.         ...,  0.          0.          0.        ]\n",
      "   [ 0.          0.          0.         ...,  0.          0.          0.        ]\n",
      "   ..., \n",
      "   [ 0.          0.          0.         ...,  0.          0.          0.        ]\n",
      "   [ 0.          0.          0.         ...,  0.          0.          0.        ]\n",
      "   [ 0.          0.          0.         ...,  0.          0.          0.        ]]\n",
      "\n",
      "  [[ 0.          0.          0.         ...,  0.          0.          0.        ]\n",
      "   [ 0.          0.          0.         ...,  0.          0.          0.        ]\n",
      "   [ 0.          0.          0.         ...,  0.          0.          0.        ]\n",
      "   ..., \n",
      "   [ 0.          0.          0.         ...,  0.          0.          0.        ]\n",
      "   [ 0.          0.          0.         ...,  0.          0.          0.        ]\n",
      "   [ 0.          0.          0.         ...,  0.          0.          0.        ]]\n",
      "\n",
      "  [[ 0.00024414  0.00073242  0.0012207  ...,  0.0012207   0.00073242\n",
      "     0.00024414]\n",
      "   [ 0.00073242  0.00219727  0.00366211 ...,  0.00366211  0.00219727\n",
      "     0.00073242]\n",
      "   [ 0.0012207   0.00366211  0.00610352 ...,  0.00610352  0.00366211\n",
      "     0.0012207 ]\n",
      "   ..., \n",
      "   [ 0.0012207   0.00366211  0.00610352 ...,  0.00610352  0.00366211\n",
      "     0.0012207 ]\n",
      "   [ 0.00073242  0.00219727  0.00366211 ...,  0.00366211  0.00219727\n",
      "     0.00073242]\n",
      "   [ 0.00024414  0.00073242  0.0012207  ...,  0.0012207   0.00073242\n",
      "     0.00024414]]\n",
      "\n",
      "  ..., \n",
      "  [[ 0.          0.          0.         ...,  0.          0.          0.        ]\n",
      "   [ 0.          0.          0.         ...,  0.          0.          0.        ]\n",
      "   [ 0.          0.          0.         ...,  0.          0.          0.        ]\n",
      "   ..., \n",
      "   [ 0.          0.          0.         ...,  0.          0.          0.        ]\n",
      "   [ 0.          0.          0.         ...,  0.          0.          0.        ]\n",
      "   [ 0.          0.          0.         ...,  0.          0.          0.        ]]\n",
      "\n",
      "  [[ 0.          0.          0.         ...,  0.          0.          0.        ]\n",
      "   [ 0.          0.          0.         ...,  0.          0.          0.        ]\n",
      "   [ 0.          0.          0.         ...,  0.          0.          0.        ]\n",
      "   ..., \n",
      "   [ 0.          0.          0.         ...,  0.          0.          0.        ]\n",
      "   [ 0.          0.          0.         ...,  0.          0.          0.        ]\n",
      "   [ 0.          0.          0.         ...,  0.          0.          0.        ]]\n",
      "\n",
      "  [[ 0.          0.          0.         ...,  0.          0.          0.        ]\n",
      "   [ 0.          0.          0.         ...,  0.          0.          0.        ]\n",
      "   [ 0.          0.          0.         ...,  0.          0.          0.        ]\n",
      "   ..., \n",
      "   [ 0.          0.          0.         ...,  0.          0.          0.        ]\n",
      "   [ 0.          0.          0.         ...,  0.          0.          0.        ]\n",
      "   [ 0.          0.          0.         ...,  0.          0.          0.        ]]]\n",
      "\n",
      "\n",
      " ..., \n",
      " [[[ 0.          0.          0.         ...,  0.          0.          0.        ]\n",
      "   [ 0.          0.          0.         ...,  0.          0.          0.        ]\n",
      "   [ 0.          0.          0.         ...,  0.          0.          0.        ]\n",
      "   ..., \n",
      "   [ 0.          0.          0.         ...,  0.          0.          0.        ]\n",
      "   [ 0.          0.          0.         ...,  0.          0.          0.        ]\n",
      "   [ 0.          0.          0.         ...,  0.          0.          0.        ]]\n",
      "\n",
      "  [[ 0.          0.          0.         ...,  0.          0.          0.        ]\n",
      "   [ 0.          0.          0.         ...,  0.          0.          0.        ]\n",
      "   [ 0.          0.          0.         ...,  0.          0.          0.        ]\n",
      "   ..., \n",
      "   [ 0.          0.          0.         ...,  0.          0.          0.        ]\n",
      "   [ 0.          0.          0.         ...,  0.          0.          0.        ]\n",
      "   [ 0.          0.          0.         ...,  0.          0.          0.        ]]\n",
      "\n",
      "  [[ 0.          0.          0.         ...,  0.          0.          0.        ]\n",
      "   [ 0.          0.          0.         ...,  0.          0.          0.        ]\n",
      "   [ 0.          0.          0.         ...,  0.          0.          0.        ]\n",
      "   ..., \n",
      "   [ 0.          0.          0.         ...,  0.          0.          0.        ]\n",
      "   [ 0.          0.          0.         ...,  0.          0.          0.        ]\n",
      "   [ 0.          0.          0.         ...,  0.          0.          0.        ]]\n",
      "\n",
      "  ..., \n",
      "  [[ 0.00024414  0.00073242  0.0012207  ...,  0.0012207   0.00073242\n",
      "     0.00024414]\n",
      "   [ 0.00073242  0.00219727  0.00366211 ...,  0.00366211  0.00219727\n",
      "     0.00073242]\n",
      "   [ 0.0012207   0.00366211  0.00610352 ...,  0.00610352  0.00366211\n",
      "     0.0012207 ]\n",
      "   ..., \n",
      "   [ 0.0012207   0.00366211  0.00610352 ...,  0.00610352  0.00366211\n",
      "     0.0012207 ]\n",
      "   [ 0.00073242  0.00219727  0.00366211 ...,  0.00366211  0.00219727\n",
      "     0.00073242]\n",
      "   [ 0.00024414  0.00073242  0.0012207  ...,  0.0012207   0.00073242\n",
      "     0.00024414]]\n",
      "\n",
      "  [[ 0.          0.          0.         ...,  0.          0.          0.        ]\n",
      "   [ 0.          0.          0.         ...,  0.          0.          0.        ]\n",
      "   [ 0.          0.          0.         ...,  0.          0.          0.        ]\n",
      "   ..., \n",
      "   [ 0.          0.          0.         ...,  0.          0.          0.        ]\n",
      "   [ 0.          0.          0.         ...,  0.          0.          0.        ]\n",
      "   [ 0.          0.          0.         ...,  0.          0.          0.        ]]\n",
      "\n",
      "  [[ 0.          0.          0.         ...,  0.          0.          0.        ]\n",
      "   [ 0.          0.          0.         ...,  0.          0.          0.        ]\n",
      "   [ 0.          0.          0.         ...,  0.          0.          0.        ]\n",
      "   ..., \n",
      "   [ 0.          0.          0.         ...,  0.          0.          0.        ]\n",
      "   [ 0.          0.          0.         ...,  0.          0.          0.        ]\n",
      "   [ 0.          0.          0.         ...,  0.          0.          0.        ]]]\n",
      "\n",
      "\n",
      " [[[ 0.          0.          0.         ...,  0.          0.          0.        ]\n",
      "   [ 0.          0.          0.         ...,  0.          0.          0.        ]\n",
      "   [ 0.          0.          0.         ...,  0.          0.          0.        ]\n",
      "   ..., \n",
      "   [ 0.          0.          0.         ...,  0.          0.          0.        ]\n",
      "   [ 0.          0.          0.         ...,  0.          0.          0.        ]\n",
      "   [ 0.          0.          0.         ...,  0.          0.          0.        ]]\n",
      "\n",
      "  [[ 0.          0.          0.         ...,  0.          0.          0.        ]\n",
      "   [ 0.          0.          0.         ...,  0.          0.          0.        ]\n",
      "   [ 0.          0.          0.         ...,  0.          0.          0.        ]\n",
      "   ..., \n",
      "   [ 0.          0.          0.         ...,  0.          0.          0.        ]\n",
      "   [ 0.          0.          0.         ...,  0.          0.          0.        ]\n",
      "   [ 0.          0.          0.         ...,  0.          0.          0.        ]]\n",
      "\n",
      "  [[ 0.          0.          0.         ...,  0.          0.          0.        ]\n",
      "   [ 0.          0.          0.         ...,  0.          0.          0.        ]\n",
      "   [ 0.          0.          0.         ...,  0.          0.          0.        ]\n",
      "   ..., \n",
      "   [ 0.          0.          0.         ...,  0.          0.          0.        ]\n",
      "   [ 0.          0.          0.         ...,  0.          0.          0.        ]\n",
      "   [ 0.          0.          0.         ...,  0.          0.          0.        ]]\n",
      "\n",
      "  ..., \n",
      "  [[ 0.          0.          0.         ...,  0.          0.          0.        ]\n",
      "   [ 0.          0.          0.         ...,  0.          0.          0.        ]\n",
      "   [ 0.          0.          0.         ...,  0.          0.          0.        ]\n",
      "   ..., \n",
      "   [ 0.          0.          0.         ...,  0.          0.          0.        ]\n",
      "   [ 0.          0.          0.         ...,  0.          0.          0.        ]\n",
      "   [ 0.          0.          0.         ...,  0.          0.          0.        ]]\n",
      "\n",
      "  [[ 0.00024414  0.00073242  0.0012207  ...,  0.0012207   0.00073242\n",
      "     0.00024414]\n",
      "   [ 0.00073242  0.00219727  0.00366211 ...,  0.00366211  0.00219727\n",
      "     0.00073242]\n",
      "   [ 0.0012207   0.00366211  0.00610352 ...,  0.00610352  0.00366211\n",
      "     0.0012207 ]\n",
      "   ..., \n",
      "   [ 0.0012207   0.00366211  0.00610352 ...,  0.00610352  0.00366211\n",
      "     0.0012207 ]\n",
      "   [ 0.00073242  0.00219727  0.00366211 ...,  0.00366211  0.00219727\n",
      "     0.00073242]\n",
      "   [ 0.00024414  0.00073242  0.0012207  ...,  0.0012207   0.00073242\n",
      "     0.00024414]]\n",
      "\n",
      "  [[ 0.          0.          0.         ...,  0.          0.          0.        ]\n",
      "   [ 0.          0.          0.         ...,  0.          0.          0.        ]\n",
      "   [ 0.          0.          0.         ...,  0.          0.          0.        ]\n",
      "   ..., \n",
      "   [ 0.          0.          0.         ...,  0.          0.          0.        ]\n",
      "   [ 0.          0.          0.         ...,  0.          0.          0.        ]\n",
      "   [ 0.          0.          0.         ...,  0.          0.          0.        ]]]\n",
      "\n",
      "\n",
      " [[[ 0.          0.          0.         ...,  0.          0.          0.        ]\n",
      "   [ 0.          0.          0.         ...,  0.          0.          0.        ]\n",
      "   [ 0.          0.          0.         ...,  0.          0.          0.        ]\n",
      "   ..., \n",
      "   [ 0.          0.          0.         ...,  0.          0.          0.        ]\n",
      "   [ 0.          0.          0.         ...,  0.          0.          0.        ]\n",
      "   [ 0.          0.          0.         ...,  0.          0.          0.        ]]\n",
      "\n",
      "  [[ 0.          0.          0.         ...,  0.          0.          0.        ]\n",
      "   [ 0.          0.          0.         ...,  0.          0.          0.        ]\n",
      "   [ 0.          0.          0.         ...,  0.          0.          0.        ]\n",
      "   ..., \n",
      "   [ 0.          0.          0.         ...,  0.          0.          0.        ]\n",
      "   [ 0.          0.          0.         ...,  0.          0.          0.        ]\n",
      "   [ 0.          0.          0.         ...,  0.          0.          0.        ]]\n",
      "\n",
      "  [[ 0.          0.          0.         ...,  0.          0.          0.        ]\n",
      "   [ 0.          0.          0.         ...,  0.          0.          0.        ]\n",
      "   [ 0.          0.          0.         ...,  0.          0.          0.        ]\n",
      "   ..., \n",
      "   [ 0.          0.          0.         ...,  0.          0.          0.        ]\n",
      "   [ 0.          0.          0.         ...,  0.          0.          0.        ]\n",
      "   [ 0.          0.          0.         ...,  0.          0.          0.        ]]\n",
      "\n",
      "  ..., \n",
      "  [[ 0.          0.          0.         ...,  0.          0.          0.        ]\n",
      "   [ 0.          0.          0.         ...,  0.          0.          0.        ]\n",
      "   [ 0.          0.          0.         ...,  0.          0.          0.        ]\n",
      "   ..., \n",
      "   [ 0.          0.          0.         ...,  0.          0.          0.        ]\n",
      "   [ 0.          0.          0.         ...,  0.          0.          0.        ]\n",
      "   [ 0.          0.          0.         ...,  0.          0.          0.        ]]\n",
      "\n",
      "  [[ 0.          0.          0.         ...,  0.          0.          0.        ]\n",
      "   [ 0.          0.          0.         ...,  0.          0.          0.        ]\n",
      "   [ 0.          0.          0.         ...,  0.          0.          0.        ]\n",
      "   ..., \n",
      "   [ 0.          0.          0.         ...,  0.          0.          0.        ]\n",
      "   [ 0.          0.          0.         ...,  0.          0.          0.        ]\n",
      "   [ 0.          0.          0.         ...,  0.          0.          0.        ]]\n",
      "\n",
      "  [[ 0.00024414  0.00073242  0.0012207  ...,  0.0012207   0.00073242\n",
      "     0.00024414]\n",
      "   [ 0.00073242  0.00219727  0.00366211 ...,  0.00366211  0.00219727\n",
      "     0.00073242]\n",
      "   [ 0.0012207   0.00366211  0.00610352 ...,  0.00610352  0.00366211\n",
      "     0.0012207 ]\n",
      "   ..., \n",
      "   [ 0.0012207   0.00366211  0.00610352 ...,  0.00610352  0.00366211\n",
      "     0.0012207 ]\n",
      "   [ 0.00073242  0.00219727  0.00366211 ...,  0.00366211  0.00219727\n",
      "     0.00073242]\n",
      "   [ 0.00024414  0.00073242  0.0012207  ...,  0.0012207   0.00073242\n",
      "     0.00024414]]]]\n"
     ]
    }
   ],
   "source": [
    "# deconv layer weights\n",
    "print net.params['upscore'][0].data"
   ]
  },
  {
   "cell_type": "code",
   "execution_count": 10,
   "metadata": {
    "collapsed": false
   },
   "outputs": [
    {
     "name": "stdout",
     "output_type": "stream",
     "text": [
      "[[[[  87.99301147   88.99301147   88.99301147 ...,  -98.00698853\n",
      "     -94.00698853  -91.00698853]\n",
      "   [  87.99301147   88.99301147   88.99301147 ...,  -96.00698853\n",
      "     -89.00698853  -83.00698853]\n",
      "   [  87.99301147   88.99301147   88.99301147 ...,  -77.00698853\n",
      "     -67.00698853  -61.00698853]\n",
      "   ..., \n",
      "   [ -77.00698853  -76.00698853  -80.00698853 ...,  -93.00698853\n",
      "     -94.00698853  -95.00698853]\n",
      "   [ -75.00698853  -73.00698853  -76.00698853 ...,  -93.00698853\n",
      "     -94.00698853  -95.00698853]\n",
      "   [ -74.00698853  -70.00698853  -72.00698853 ...,  -93.00698853\n",
      "     -94.00698853  -95.00698853]]\n",
      "\n",
      "  [[  75.33123016   76.33123016   76.33123016 ..., -110.66876984\n",
      "    -106.66876984 -103.66876984]\n",
      "   [  75.33123016   76.33123016   76.33123016 ..., -108.66876984\n",
      "    -101.66876984  -95.66876984]\n",
      "   [  75.33123016   76.33123016   76.33123016 ...,  -89.66876984\n",
      "     -79.66876984  -73.66876984]\n",
      "   ..., \n",
      "   [ -89.66876984  -88.66876984  -92.66876984 ..., -105.66876984\n",
      "    -106.66876984 -107.66876984]\n",
      "   [ -87.66876984  -85.66876984  -88.66876984 ..., -105.66876984\n",
      "    -106.66876984 -107.66876984]\n",
      "   [ -86.66876984  -82.66876984  -84.66876984 ..., -105.66876984\n",
      "    -106.66876984 -107.66876984]]\n",
      "\n",
      "  [[  69.32108307   70.32108307   70.32108307 ..., -116.67891693\n",
      "    -112.67891693 -109.67891693]\n",
      "   [  69.32108307   70.32108307   70.32108307 ..., -114.67891693\n",
      "    -107.67891693 -101.67891693]\n",
      "   [  69.32108307   70.32108307   70.32108307 ...,  -95.67891693\n",
      "     -85.67891693  -79.67891693]\n",
      "   ..., \n",
      "   [ -95.67891693  -94.67891693  -98.67891693 ..., -111.67891693\n",
      "    -112.67891693 -113.67891693]\n",
      "   [ -93.67891693  -91.67891693  -94.67891693 ..., -111.67891693\n",
      "    -112.67891693 -113.67891693]\n",
      "   [ -92.67891693  -88.67891693  -90.67891693 ..., -111.67891693\n",
      "    -112.67891693 -113.67891693]]]]\n"
     ]
    }
   ],
   "source": [
    "# data blob\n",
    "print net.blobs['data'].data"
   ]
  },
  {
   "cell_type": "code",
   "execution_count": 11,
   "metadata": {
    "collapsed": false
   },
   "outputs": [
    {
     "name": "stdout",
     "output_type": "stream",
     "text": [
      "[[[[ 0.00307218  0.00307218  0.00307218 ...,  0.00307218  0.00307218\n",
      "     0.00307218]\n",
      "   [ 0.00307218  0.00307218  0.00307218 ...,  0.00307218  0.00307218\n",
      "     0.00307218]\n",
      "   [ 0.00307218  0.00307218  0.00307218 ...,  0.00307218  0.00307218\n",
      "     0.00307218]\n",
      "   ..., \n",
